Training Set Metrics

precision: 0.9053276406162984
recall: 0.7744957916468159
fbeta: 0.8348168435467305

Test Set Metrics

precision: 0.7526881720430108
recall: 0.6347150259067358
fbeta: 0.6886858749121575

